	390
1	61537
10	43479
100	25879
101	41139
102	65302
103	80404
104	75116
105	74018
106	61495
107	53750
108	54117
109	80169
110	68583
111	33116
112	36889
113	87842
114	91696
115	81493
120	109720
121	17449
122	82693
123	34003
13	74443
14	119415
17	32659
18	79129
19	65983
20	40974
22	4420
23	66693
24	50509
25	67480
26	34275
28	53052
30	49689
32	70599
33	45214
34	53834
40	118896
41	70032
42	78477
43	137771
44	127724
45	64272
46	111356
47	90507
48	82118
49	68574
5	44917
50	46599
52	107178
6	54905
60	64959
61	64665
62	61874
63	54424
66	49609
67	94719
68	51275
69	50126
7	40886
70	81609
71	72089
72	54961
73	107097
75	165479
76	28928
77	76718
78	34725
79	81617
81	65145
83	69104
84	51565
88	46255
9	62165
90	65730
94	33533
